body_name dragon
number_of_vertexes 1166
number_of_triangles 2328
vertex_record x(float) y(float) z(float)
triangle_record index_of_first_vertex(integer) index_of_second_vertex(integer) index_of_third_vertex(integer)
end_header
-0.220924 0.474198 1.13044
0.698583 -1.12726 0.267738
-0.169883 -0.530471 -1.34753
-0.380876 -0.961725 0.423814
-0.593708 -1.16004 0.468569
0.308083 1.07414 0.728609
0.50632 -0.0673959 1.00457
-0.131377 -0.409439 -1.35094
-0.225915 0.660514 1.31829
0.127291 0.41839 0.335178
-0.82795 0.855579 -0.6132
-0.0740522 -0.971532 -0.530958
-0.687737 -1.16188 0.476473
-0.443815 1.55642 0.61574
-0.40397 -0.69219 0.137121
0.122023 1.15379 0.999261
0.629847 0.208236 -0.118999
0.787322 0.551161 -0.107502
-0.461558 -0.442198 0.298389
0.41001 0.466399 0.337356
-0.0256739 1.17747 0.681917
0.359882 0.123954 0.70271
-0.463412 -0.438353 0.385785
-0.267876 1.07143 0.873527
1.2678 0.889634 -0.0564813
-0.0564152 0.430464 1.3248
0.238814 0.636342 1.36843
-0.383168 -0.790787 0.147483
-0.46578 0.412596 -0.492664
-0.147023 -0.498096 -0.890229
-0.439336 0.48234 0.0719919
0.0227542 -0.481714 -1.66154
-0.634609 -0.649959 0.103171
0.714726 -0.826989 0.0536666
0.632022 0.512043 0.324936
0.312451 0.141653 0.380659
0.529766 -1.03829 0.300231
-0.0721414 -0.682657 -1.34777
0.832491 -1.09688 0.350747
-0.588494 -0.887765 0.781341
0.265675 0.258269 0.927776
-0.802562 0.949508 -0.547424
0.5915 0.166073 1.04966
-0.268175 1.06772 0.859428
0.57195 -0.518496 0.401851
-0.180241 -0.531031 -1.26003
-0.384838 -0.783548 0.151932
0.374802 -0.0921925 0.314083
-0.268037 -0.457977 -0.275131
0.658205 -0.651075 0.529946
0.598994 -1.02998 0.511546
-0.806542 0.465955 -0.984017
0.422721 -0.93357 0.27517
0.112321 -0.454467 -1.35767
-0.184009 -0.693942 -0.962962
0.230715 0.627206 1.4481
-0.790746 -0.813995 0.436217
-0.131372 -0.737239 -1.03154
0.156215 0.398626 1.12056
1.06338 0.138238 -0.137618
-0.625872 0.339354 -0.413353
-0.313782 0.916666 1.06121
0.689449 -1.15194 0.334917
-0.421529 0.407958 -0.425068
-0.75429 0.218958 -0.830409
-0.535167 -0.510634 0.237204
-0.549275 0.195634 1.17586
0.435734 -0.341477 0.0753376
0.70507 -0.7625 0.547044
0.7963 0.152465 0.0430627
-0.531533 -0.565077 0.699005
0.614597 0.0238958 1.18527
-0.278317 1.02465 0.767341
1.23236 0.0907085 -0.415318
-0.204536 -0.983052 -0.202614
0.79861 0.188741 0.0806116
-0.697267 0.315112 -0.609323
-0.553192 -0.557572 0.659242
-0.152428 0.493747 1.3167
0.13141 -0.583118 -1.30209
-0.0919273 -1.05999 -0.186784
0.895767 0.376638 0.135418
0.459608 1.4032 0.448143
0.4516 -0.110999 0.759281
0.00190267 -0.333199 -0.361967
0.463052 -0.314654 0.430514
-0.281983 -0.831711 0.569763
-0.144725 0.524006 1.50085
0.117579 -0.583585 -1.35546
0.245006 0.601911 1.30368
-0.740764 0.746205 -0.792124
0.331122 0.0180308 0.990714
-0.215807 0.613323 1.31817
-0.121662 -0.648017 -1.34687
1.08023 0.768902 -0.137728
0.143594 1.06644 0.643907
-0.143202 0.627233 1.57139
-0.504091 1.50595 0.603717
0.500884 0.150475 1.14651
1.16156 0.326082 -0.0731416
0.439862 0.062618 0.252741
0.0499951 -1.10924 0.170971
-0.643718 -0.564385 0.232481
-0.259009 0.656639 1.24181
-0.656395 0.121885 -0.824297
0.62478 -1.06401 0.198246
0.78801 -1.0729 0.23161
-0.35719 0.545047 0.781626
0.232178 0.590401 1.35478
-0.245073 0.204358 0.905982
-0.129363 -0.63926 0.801404
0.510072 0.305461 0.0294215
0.298549 0.164264 0.149838
1.11558 0.157567 -0.158927
0.620947 -1.10368 0.392233
0.561792 -1.01176 0.185444
0.0376904 -1.08339 -0.184083
0.595806 0.0399104 1.20875
0.378476 -0.592287 0.668013
0.245945 0.685719 1.38311
0.177186 0.515442 1.51083
0.572769 -0.591532 0.108713
-0.741442 -0.739637 0.555661
-0.231999 0.151489 0.30909
1.36864 0.48967 -0.171177
-0.566315 0.374818 -0.681998
-0.733649 0.187393 -0.983072
0.245107 0.610883 1.31219
0.240718 1.06419 0.974907
0.112526 1.15016 0.695366
0.736625 -1.11391 0.246114
-0.114849 0.239226 1.02627
0.663835 -1.10235 0.244408
-0.684857 0.176323 -0.902204
-0.169544 -0.465992 -1.22819
-0.187837 -0.557595 -0.910936
0.665402 0.151448 1.19019
-0.339196 0.85499 0.791711
-0.244262 -0.724526 -0.689659
-0.58575 -0.623339 0.0936591
-0.155212 0.882978 0.533931
-0.755996 0.898306 -0.434969
-0.32192 -0.181837 0.134063
0.479291 -0.54793 0.0970362
0.68366 -1.09802 0.445155
1.20293 0.219939 -0.192757
-0.495715 0.28286 -0.459719
0.338447 0.786189 1.06586
-0.109088 -0.289687 0.909456
-0.647777 0.0996147 1.27159
-0.763195 0.145414 -0.991561
-0.803123 0.378912 -1.01804
-0.172638 0.632688 1.53516
-0.380602 0.17299 0.94691
-0.600949 0.0354444 1.20069
-0.510103 -0.497632 0.234243
0.299123 -0.0924205 0.83519
-0.0341135 0.497111 1.58879
-0.24561 0.0136859 0.253038
0.164374 1.20427 0.659548
-0.500364 1.57699 0.553433
-0.160713 1.19609 0.724518
-0.735316 0.142988 -0.98768
-0.685303 -0.834836 0.708316
-0.135937 -0.409869 -1.20199
0.173228 0.485524 1.34823
0.879776 0.466884 -0.195498
-0.296687 -0.577194 -0.297237
0.23589 1.09167 0.857542
0.514004 -1.03237 0.394807
0.282783 -0.524454 -0.419611
1.08491 0.363799 0.00749441
0.119294 0.885282 0.51796
-0.606578 -0.592237 0.613477
-0.130132 -0.6484 -1.32107
-0.619602 0.261208 -0.690546
-0.320685 -0.186845 0.711343
0.347968 0.195039 0.761768
-0.622102 0.534968 -0.699318
-0.565855 0.277065 -0.602437
1.16561 0.172556 -0.189304
0.797398 -1.14124 0.337395
1.05559 0.0934139 -0.206301
0.623918 -0.00150105 1.06987
0.691541 -0.528868 0.336973
-0.294285 1.11917 0.709983
-0.666583 0.392124 -0.804859
0.273572 1.34314 0.596134
0.229207 0.625395 1.46385
-0.139951 -0.750031 -0.986362
1.26692 0.0121454 -0.398127
0.219985 0.568206 1.40089
-0.717925 -0.652644 0.223864
0.324804 0.028894 0.0758426
-0.837258 0.444566 -0.918099
0.746548 -1.01443 0.146465
0.342522 -0.0972949 0.225027
0.75577 -1.1547 0.306024
-0.648282 0.509475 -0.254273
-0.455861 -0.665452 0.790767
-0.00580946 0.613834 1.63891
-0.7471 0.124621 -0.945868
-0.760405 0.364941 -0.97742
0.193433 1.12629 0.610991
-0.79512 0.394337 -0.809416
0.747496 -0.717088 0.108716
-0.338097 0.521242 -0.162781
0.111666 -0.485531 -1.47631
0.693765 -1.13422 0.414136
-0.155953 -0.631507 -1.44466
-0.611938 -0.578105 0.583482
0.243536 0.40104 0.410834
0.236868 -0.902694 0.634032
-0.197665 0.767085 1.4273
-0.758312 -0.920215 0.111799
0.604377 0.591841 0.344612
0.606154 -1.08335 0.28385
0.38242 -0.0924496 0.913504
0.142107 -0.518079 -1.27026
0.993063 0.791799 -0.0746525
-0.298164 -0.125944 0.17658
-0.377768 0.038686 0.906387
-0.309784 0.0381036 0.00649535
1.202 0.014708 -0.379993
0.0168533 0.840175 1.59504
-0.77954 0.242058 -0.892686
0.0257525 -0.409682 -1.52171
-0.3617 0.186354 -0.222189
0.639721 0.0547617 1.0153
1.24682 0.876918 -0.0728995
-0.667928 0.694209 -0.253465
0.287246 0.685618 1.21717
0.28907 0.103947 0.869275
0.149605 1.21644 0.692351
-0.340738 0.721269 0.707272
0.478165 -0.557203 0.0980949
0.44611 -0.604551 0.529745
-0.503852 -0.678873 0.797771
-0.644348 -0.854886 0.756063
0.44482 -0.744225 0.0636632
-0.173046 0.540203 1.40518
-0.150584 0.853067 1.45133
-0.346173 -0.0573805 0.926191
0.337053 -0.0753381 0.255435
-0.337486 0.792168 0.766052
-0.0541265 0.61649 1.6325
0.041172 -0.678104 -1.35136
-0.640372 0.994123 -0.176493
-0.110908 -0.362707 -0.364396
0.0877141 -0.639604 -1.35351
0.839137 -1.00197 0.402713
1.10809 0.327076 -0.319067
0.108182 0.61097 1.62539
0.657495 0.0455821 1.11956
-0.297357 1.36682 0.756227
-0.620943 -0.884323 0.0569748
-0.596275 -0.930713 0.779141
0.62207 -0.904091 0.0693792
0.116334 -0.353576 -0.371607
0.64307 -1.06851 0.477683
0.173426 0.672337 1.59101
0.89988 0.215596 0.0391025
1.23899 0.0306254 -0.359848
0.40991 -0.937613 0.297676
0.379009 -0.158731 0.689141
-0.286741 -0.619016 0.689121
-0.779241 -0.975797 0.522055
0.139204 0.108796 0.195651
0.745379 -0.641057 0.417064
1.2756 0.0578794 -0.364404
-0.65575 -0.893788 0.75425
-0.319464 -0.626863 0.630808
-0.319218 0.538563 0.215652
-0.468417 -0.825785 0.139179
0.527997 -0.632007 0.525485
0.0523205 -0.641289 0.836821
-0.322355 0.122498 0.447533
-0.736576 0.985092 -0.602469
0.663832 -1.1112 0.418422
-0.339515 0.898299 0.836504
-0.621525 -1.09687 0.19869
0.824363 -1.10361 0.319629
-0.830507 0.359265 -0.959264
-0.579279 -0.509692 0.29937
0.173888 -0.543061 -0.922413
-0.806958 0.817278 -0.822974
-0.489208 0.163767 1.24439
0.455753 -0.652919 0.0524219
-0.262986 -0.563122 0.731639
-0.653255 0.15038 -0.854959
0.661486 0.076228 1.09505
0.400434 0.0474411 1.0774
-0.491839 0.239864 -0.226734
-0.581461 -0.534426 0.56975
1.05604 0.270945 -0.013335
-0.257676 -0.797285 -0.46288
-0.0100615 -0.440356 -0.874712
0.682194 -1.13581 0.399255
-0.0287014 -0.355822 -1.3551
-0.788575 -1.00951 0.463491
0.651526 0.0588568 1.22605
-0.299755 -0.802048 0.558373
-0.401317 -0.375111 0.101898
-0.250572 -0.0398382 0.845168
-0.571222 -0.653537 0.0773481
0.598925 -1.05448 0.465819
-0.386738 -0.932367 0.479378
-0.686954 0.0849573 -0.909791
0.339178 0.149079 0.426542
-0.678573 0.277028 -0.674189
-0.142314 1.14514 1.01992
1.37066 0.691758 -0.105127
0.627098 0.173217 1.15867
-0.585455 0.163536 1.29403
0.685153 -0.823663 0.566871
0.432294 0.117828 0.28162
0.270037 0.565942 1.18578
0.539855 0.155448 0.920633
-0.761113 0.354469 -0.730597
0.169301 -0.568998 -1.10154
-0.759644 0.960291 -0.452496
-0.283325 -0.731912 0.653838
0.82974 -1.04003 0.258883
-0.200759 0.392773 0.390396
0.149034 0.505638 1.53175
1.3613 0.362213 -0.241834
0.253314 0.493253 1.1154
0.677283 0.258824 0.200287
-0.242966 1.11804 0.675898
0.240893 0.831877 0.584082
-0.832719 0.914321 -0.633296
-0.535487 0.391886 -0.640393
0.167586 0.784305 1.54877
0.279223 1.13765 0.763304
-0.0561571 0.674547 1.64202
0.326084 -0.11929 0.141502
0.6781 -1.14324 0.360002
-0.131543 0.772286 1.55826
0.695985 0.256971 -0.16735
-0.666641 0.885236 -0.593073
0.406672 -0.769268 0.517341
0.0763188 -0.439414 -1.50404
0.543265 -1.03274 0.275284
0.195698 -0.901133 -0.578022
-0.414152 0.74695 0.144812
-0.0637868 0.820841 1.58682
0.391224 1.27407 0.508637
-0.532134 0.418437 -0.0763964
1.19774 0.805285 0.0659299
0.5065 -0.689294 0.544345
0.343093 -0.156802 0.109315
0.110952 0.49769 1.56926
-0.649045 0.111061 1.21271
-0.25729 1.26889 0.657702
0.192515 0.527517 1.48554
-0.313564 0.168458 0.782759
-0.32817 -0.563002 0.63782
1.16856 0.132029 -0.232141
-0.261306 0.654767 1.23371
-0.496977 1.48976 0.552657
-0.758923 0.187352 -1.01057
-0.1359 -0.447941 -1.49731
-0.737295 0.159047 -0.860125
0.573465 0.175373 1.07892
-0.449014 0.330753 0.0201535
0.689806 -1.12025 0.425639
-0.173709 -0.553072 -1.43323
0.325225 0.703176 0.655454
-0.236878 0.465973 1.08373
0.834436 -0.823799 0.22288
0.48656 -0.444845 0.251337
0.689738 -0.533598 0.251224
0.322585 -0.552311 -0.316887
-0.816081 0.278572 -1.00324
0.579122 0.154733 1.22204
0.108462 -0.635414 -1.65632
0.638282 -0.69371 0.551424
-0.695281 0.551352 -0.35438
-0.322266 -0.874946 0.249872
-0.393847 -0.450463 0.50586
0.679442 -0.56942 0.153854
0.682205 0.0637956 1.20053
-0.762403 0.276424 -0.792828
0.0299458 0.426139 1.48336
-0.64312 0.924265 -0.172836
-0.339157 1.22753 0.624955
-0.776977 0.18158 -0.973348
0.114313 -0.620647 -1.45324
0.648082 -0.760249 0.033786
-0.392429 0.39587 -0.369813
-0.699898 -0.674414 0.574998
-0.615962 0.53314 -0.173888
1.19221 0.907234 3.77341e-4
-0.161242 -0.465459 -1.34899
0.027554 0.612 1.64334
0.602248 0.105381 1.24992
0.370825 0.173154 0.59329
0.166542 1.13431 0.80119
1.06394 0.408439 -0.291679
-0.26739 -0.0737856 0.19044
0.685123 -1.08639 0.199991
0.848806 -1.01246 0.286639
0.978725 0.384391 0.0879596
1.08127 0.084986 -0.244942
1.0257 0.0990098 -0.176315
-0.642222 -1.01011 0.692753
0.230028 -0.884131 -0.503965
0.382797 -0.832245 0.50035
0.633265 -1.11233 0.325365
0.115714 1.18969 0.845917
-0.170719 -0.59033 -1.50606
0.686601 -1.13188 0.410691
-0.4575 0.938034 -0.0509054
0.437854 0.400805 0.361044
-0.609738 0.271771 -0.698436
-0.601911 0.266512 -0.671096
-0.229842 -0.452585 -0.328397
-0.122285 0.479518 1.47929
-0.471942 -0.762981 0.120155
0.30584 0.941563 1.04155
-0.552115 -0.516642 0.248699
1.3691 0.130928 -0.431105
1.12709 0.243719 -0.0859555
0.117927 -0.963818 -0.53705
-0.284353 -0.672799 -0.431824
0.696526 -0.921174 0.0655916
-0.0826021 0.619432 1.61711
1.28139 -0.00194188 -0.43408
0.217892 0.65701 1.52417
-0.195331 0.586788 1.37246
0.110197 0.444826 1.4785
1.35397 0.0460861 -0.456176
0.325913 0.748055 0.686119
0.808099 0.339088 0.164116
-0.239798 -0.265399 0.817372
-0.740989 0.108456 -0.985456
-0.336096 -0.0365555 0.415984
-0.635562 0.0679454 1.22218
0.657971 -1.12677 0.344271
1.02794 0.089414 -0.24802
1.19597 0.276588 -0.138721
-0.163217 -0.548258 -1.56815
0.45395 -0.315682 0.181416
-0.509181 0.609689 -0.461828
0.363375 -0.937297 0.143362
-0.171287 -0.10972 0.0189493
-0.345572 -0.121138 0.336941
-0.466121 -0.48361 0.588012
0.33905 -0.121125 0.182718
0.432546 -0.653378 0.544547
-0.269964 0.42243 -0.0517257
1.06854 0.0894517 -0.225904
0.42169 1.30332 0.58785
-0.282846 -0.893952 0.458812
-0.101737 -1.08573 0.155444
-0.224984 0.488148 0.145642
-0.523506 0.289087 -0.507676
0.318687 0.924746 0.815618
-0.844748 0.458673 -0.950174
0.217785 0.555907 1.39278
-0.695692 0.289611 -0.677939
0.86129 0.65219 0.246022
0.730128 -1.04255 0.162936
-0.0231724 -0.355889 -1.18094
0.0856851 -0.657208 -1.39989
0.262521 0.803609 1.24989
0.395121 -0.930879 0.383268
-0.0153946 1.18141 1.01085
-0.550752 0.940272 -0.33818
0.644334 -1.11163 0.307981
0.246729 0.615038 1.30357
0.217126 -0.611059 0.801655
-0.534778 -0.507901 0.554267
1.25768 0.0423311 -0.359877
0.509254 0.170845 0.972737
-0.326744 -0.88425 0.0179585
-0.677924 0.310378 -0.859065
0.61832 0.143335 1.24109
-0.335581 0.899804 0.962381
0.845888 -0.799891 0.292385
-0.628296 0.247371 -0.797122
0.791556 -1.13114 0.398084
0.573083 -0.056944 0.935767
0.615319 0.413035 -0.024241
-0.251235 0.0341293 -0.0652893
0.259355 0.711239 1.30275
0.588082 0.0146813 0.86724
-0.610878 0.322749 -0.734578
0.669424 -1.13536 0.353936
-0.738014 0.539848 -0.448966
1.0369 0.817459 0.171934
-0.534243 0.592401 -0.0422549
-0.276243 1.04787 0.853589
0.205003 0.617475 1.53859
-0.607082 0.312339 -0.433998
1.14283 0.24035 -0.343986
0.803692 -1.13709 0.360872
-0.604892 0.0928733 1.15005
-0.422888 -0.447206 0.30143
0.771903 -1.13104 0.279097
-0.583836 0.282689 -0.676048
-0.798898 0.887413 -0.529841
0.353222 0.135159 0.749475
-0.514294 -0.489201 0.288876
0.211935 -0.0382482 0.122204
0.389242 1.33227 0.622149
-0.35717 0.732343 0.926721
0.577142 -0.523752 0.164975
0.235114 -0.772299 0.743881
1.40703 0.460982 -0.319822
0.232359 0.637404 1.44653
0.675742 -1.13604 0.38142
-0.118051 0.37888 1.12201
-0.690594 1.01194 -0.270832
0.504345 -0.823085 0.088832
-0.2028 0.646985 1.42465
-0.618071 1.05449 -0.32714
-0.0992563 0.506626 1.54971
0.36141 0.646577 0.808535
-0.39645 1.2627 0.632876
0.3218 -0.119911 0.789153
-0.357215 -0.112859 0.564578
-0.191621 0.568945 1.36688
0.320716 0.818615 0.745166
-0.246446 0.783159 1.26604
-0.367782 -0.17418 0.507529
-0.161804 -0.646273 -1.64774
-0.308337 0.196621 1.04713
0.480695 1.46542 0.529799
-0.165611 -0.496672 -1.46751
-0.758799 0.451119 -0.938252
1.319 0.051664 -0.455527
0.743132 -0.934793 0.520328
-0.414894 -0.34704 0.216671
-0.365483 -0.466627 0.607303
0.56496 -0.0110197 1.11834
0.437998 0.0177262 0.217153
0.477944 -0.477752 0.162353
-0.777745 0.490157 -0.608013
0.126413 -0.541013 -1.44275
0.727882 -1.14642 0.287686
0.319935 -0.984462 0.0841351
-0.690152 0.0815324 -0.907227
0.0590506 -0.942086 0.668023
0.244129 -0.43354 -0.343436
0.0652349 -0.450906 -0.882263
0.416687 -0.882044 0.491605
-0.413692 0.600472 -0.287597
0.665402 -1.12669 0.382666
-0.545756 -0.670244 0.770739
-0.260542 0.0304474 0.288183
0.09717 1.16297 0.730462
-0.0769849 0.0247885 0.126552
-0.569879 0.316861 -0.291286
-0.292162 -0.877485 0.458277
0.685742 -0.963282 0.087695
-0.612595 0.492888 -0.190438
0.619386 -0.758482 0.572209
0.175482 0.613555 1.58137
0.332573 -0.0312078 0.295937
-0.687466 0.512418 -0.360817
0.771401 -1.09839 0.440341
0.354944 -0.69483 -0.28366
0.480246 -0.545821 0.105278
0.495547 0.550648 0.192394
0.771422 0.493405 -0.118944
0.553105 0.09802 1.23776
0.0469413 -0.369882 -1.17666
-0.332227 0.759241 1.08714
-0.471745 -0.462215 0.259567
0.343364 0.139628 0.766586
-0.522596 -0.924106 0.771031
-0.125703 0.660317 1.60051
0.571961 0.0510439 1.22372
-0.565643 0.288261 -0.652586
-0.623994 0.896133 -0.498095
-0.419316 1.54467 0.55762
0.583079 0.159741 -0.0813664
-0.243355 -0.0722903 0.160612
1.38323 0.284986 -0.374221
0.259918 0.631461 1.27314
-0.226262 0.238503 0.943386
0.587838 -0.491648 0.253266
-0.156672 1.17816 0.857396
0.962719 0.108333 -0.126135
0.439413 -0.434286 0.581763
0.548992 -0.594814 0.506073
-0.688461 -0.65653 0.575781
0.860489 0.751556 0.251029
-0.29962 0.603867 1.11145
0.00903769 0.935399 1.46932
-0.332412 0.335909 -0.266355
0.699336 -1.15578 0.321425
0.204337 0.997181 0.641759
-0.683179 0.245165 -0.886989
-0.178089 0.563149 1.42085
-0.00701845 0.420726 0.311577
-0.182934 1.1813 0.691845
1.01748 0.196215 -0.0476159
0.383234 -0.804983 0.548655
-0.778546 -0.767054 0.42845
0.287766 0.311689 0.433446
0.850577 0.207807 0.0654196
1.24732 0.684368 0.0211397
-0.2499 1.08881 0.870456
-0.56122 -1.00673 0.684798
0.0886032 -0.646143 -1.37868
-0.641412 -0.964632 0.0839054
-0.705406 0.123934 -0.944373
-0.345212 0.144383 0.616011
0.681051 -1.14658 0.354817
-0.12184 0.51063 1.5327
0.857652 -0.996323 0.368712
-0.64942 0.171467 1.23005
0.380365 -0.0287999 0.626528
0.433759 -0.0257946 1.05899
-0.275596 0.0514718 0.82211
0.15325 -0.0273433 0.080861
-0.155984 -0.594577 -1.34678
0.31595 0.0523472 0.345631
-0.616949 0.182162 1.27484
-0.266568 0.845064 0.628122
-0.239547 -0.0983212 0.128673
-0.584778 -0.507496 0.308828
-0.588225 -0.528411 0.545212
-0.493646 -0.497967 0.59274
-0.306746 0.268225 0.827191
0.415914 -0.905437 0.448158
-0.46754 1.49349 0.529069
0.943882 0.290742 0.0706265
0.252076 0.378542 0.412237
1.08816 0.29673 -0.31762
0.179236 0.908966 1.30441
0.639609 -1.08686 0.443645
1.2766 0.282026 -0.37878
0.978541 0.425536 -0.25719
-0.271759 0.180074 0.854528
-0.18986 -0.901002 -0.490642
0.151107 -0.485216 -1.13369
-0.430059 -0.46601 0.266322
-0.339216 0.305795 0.688148
-0.490957 -0.474699 0.285668
-0.187063 0.640598 1.47327
0.676176 -0.564937 0.415114
0.454183 -0.0215824 0.681742
-0.792808 0.31304 -0.862765
1.01762 0.921574 0.118498
0.609687 0.462415 -0.00177752
-0.470364 0.275765 -0.410431
1.10251 0.111647 -0.207126
0.631598 0.0172574 1.04645
1.40628 0.560029 -0.196711
-0.128281 0.408746 0.341035
-0.146169 -0.368759 -0.336927
1.36337 0.114212 -0.408241
-0.668431 0.327443 -0.507965
1.21258 0.0154755 -0.368171
0.418601 -0.0302161 0.11221
-0.450021 0.617338 -0.355243
-0.759806 -1.10078 0.473915
0.206812 0.538778 1.46195
0.0216147 0.364023 1.14215
1.23732 0.0266785 -0.425538
0.225491 0.784088 1.41387
0.656078 0.15631 1.20555
0.00197593 0.985078 1.30967
-0.545113 -0.501999 0.307187
-0.158962 -0.608553 -1.39967
0.877799 0.170979 0.00849607
-0.682595 -1.11989 0.549072
-0.751681 -1.0619 0.541064
-0.429101 -0.577185 0.156689
0.902603 0.217047 -0.293818
1.24612 0.564197 -0.293647
-0.365764 -0.736959 -0.0830685
-0.13778 0.162788 0.990594
-0.705092 -0.9633 0.674108
-0.0248407 1.0643 0.564868
-0.240853 1.28639 0.697347
-0.332017 0.305137 0.168914
0.819251 0.233272 -0.252398
-0.587995 0.270701 -0.649286
0.0571524 -0.800947 0.786924
0.680837 -1.13027 0.294771
0.679299 -0.6441 0.0915598
-0.385111 -0.847043 0.589309
0.849032 0.787379 0.0206409
0.231535 0.585948 1.35346
-0.427732 0.18725 -0.137764
-0.19142 0.579872 1.38664
0.69307 0.527483 -0.0496459
0.164584 -1.04969 -0.194923
-0.0890992 -0.414297 -1.51807
-0.104785 -0.465077 -0.858185
1.01856 0.710539 0.179651
0.363598 -0.00844133 0.393782
-0.321305 0.41578 0.885007
0.118314 -0.597412 -1.40847
-0.247094 1.05218 1.0376
0.290934 -0.775241 -0.480288
0.105731 0.681052 1.63688
-0.159034 -0.915386 -0.566766
0.786773 -1.09749 0.434984
0.361109 0.573909 0.758834
0.245428 0.639536 1.33934
-0.349171 0.78838 0.10353
-0.167249 0.538427 1.47162
0.375017 0.00316552 0.642384
0.756639 -1.12907 0.426782
0.264861 -0.072013 0.868143
-0.415341 0.231279 -0.3167
0.0871942 -0.457363 -0.864277
1.31169 0.126645 -0.434374
0.227144 1.07123 1.02256
-0.0302502 -0.73181 -1.88003
-0.147715 -0.425576 -1.15194
0.468034 1.5098 0.515057
-0.189921 0.8863 1.29132
-0.13977 0.431825 0.353288
1.06097 0.083797 -0.266827
0.269435 -0.964007 -0.217654
-0.753574 0.489248 -0.521206
0.500923 0.0204101 1.15362
-0.534769 0.827467 -0.00655627
-0.237336 0.155541 1.08933
-0.637121 0.182629 1.25475
0.441712 -0.916127 0.193818
0.311552 -0.243245 0.799877
-0.44295 0.292595 -0.41096
0.663032 -1.05543 0.485123
0.437574 -0.785278 0.0847885
-0.499933 0.306854 -0.510467
0.32402 0.371318 0.527029
0.232226 0.629112 1.43153
0.665114 -1.12947 0.33383
-0.315351 -0.721762 -0.262391
-0.1761 0.701903 1.51371
0.309459 -0.648939 -0.450666
-0.263553 0.573714 0.178437
-0.751624 0.276731 -0.992366
-0.69121 -0.684718 0.604739
-0.245593 -0.0455771 0.192726
-0.755174 0.169471 -0.908
0.775516 -1.17505 0.375685
-0.769721 -0.747765 0.46335
-0.504723 0.2613 -0.19499
-0.599248 0.0698664 1.2558
-0.636284 0.191959 -0.758383
-0.626776 0.676874 -0.178393
0.473382 -0.0425337 1.03867
0.959252 0.197344 -0.309573
-0.3262 0.486948 0.208611
-0.581543 0.30144 -0.372076
-0.32467 0.516106 0.953847
0.777964 -0.949888 0.137496
-0.574538 -0.493065 0.390221
-0.0222225 1.22026 0.844872
0.336001 0.294051 0.806796
0.782482 -1.14968 0.322056
-0.531276 -0.498471 0.296753
-0.265067 -0.0528672 1.00121
-0.0701731 -0.782653 -1.01495
-0.0845967 -0.456927 -0.877509
0.245191 0.369271 0.396495
-0.55394 0.291407 -0.320863
-0.644466 -0.627829 0.137916
-0.211602 0.652236 1.38331
0.219209 0.619361 1.518
0.740289 -1.12972 0.430109
0.303725 0.242476 0.42072
0.792567 -0.86974 0.490772
-0.200825 -0.626367 -0.936476
-0.390513 -0.755974 0.143825
0.669194 -1.10077 0.439767
0.364619 -0.879531 0.447668
-0.124899 -0.786765 0.755305
0.711298 0.104525 -0.0355205
0.265312 1.01032 0.769717
0.703104 0.19838 0.156386
0.378642 -0.55819 -0.208954
-0.693781 0.995818 -0.507431
-0.610179 -0.661596 0.0801744
0.319006 0.881437 0.770825
-0.0845168 0.224884 0.246548
0.363506 -0.856243 0.491584
-0.277275 -0.963038 0.16369
-0.769276 0.947397 -0.687221
-0.677935 0.291221 -0.6197
0.802728 -1.13413 0.380946
-0.699681 0.853557 -0.672267
0.725323 0.126157 0.0669399
0.136902 -0.738907 -0.995146
0.758237 0.113165 -0.0651183
0.725508 0.10061 0.014313
-0.521906 0.194128 1.20584
0.214931 1.18983 0.758477
0.831269 -1.09342 0.377569
0.644475 -1.03564 0.138294
0.85891 -1.00007 0.330474
-0.16859 0.89499 1.31545
0.153635 -0.356712 -0.34644
1.33535 0.601934 -0.0833012
-0.689261 0.321373 -0.562237
1.18944 0.0496991 -0.405171
0.809582 0.256136 0.127482
-0.64489 -0.576697 0.212094
-0.18175 0.250988 0.0684547
0.0978032 -0.639241 -1.3283
-0.757279 -0.714714 0.217702
-0.0848352 -0.37094 -1.35309
0.177642 0.200027 0.266049
1.12519 0.135619 -0.196047
0.317325 0.0231007 0.329769
-0.645912 0.156999 -0.791549
-0.231534 -0.618869 -0.758035
-0.192533 -0.583537 -1.09006
-0.131978 -0.692806 -1.76857
-0.206291 1.22509 0.813728
-0.572591 0.17644 1.14598
-0.711605 -0.965242 0.0882956
0.537554 -0.694792 0.0563692
1.12336 0.222012 -0.338397
-0.209451 0.58365 1.3181
-0.18314 0.111333 -0.0218509
-0.124343 -0.99672 0.50431
0.40192 -0.122034 0.861154
-0.383439 -0.789353 0.153641
1.04491 0.366776 -0.295032
-0.408161 -0.34966 0.458158
-0.380869 -0.579238 0.674146
0.173285 0.866081 1.44106
0.690363 0.0932271 1.172
0.403519 -0.857396 0.133409
0.285928 -0.435719 -0.292709
-0.119437 1.16231 0.742419
1.04449 0.0865647 -0.257385
0.825554 -0.816139 0.40896
0.0779987 -0.401026 -1.35758
-0.619388 -0.60084 0.148893
-0.640522 0.200185 -0.82865
-0.706261 -1.09833 0.204754
0.650712 -1.11735 0.385584
-0.73607 0.111733 -0.920279
0.759877 -0.611827 0.260826
0.189301 -0.277698 0.899988
0.195398 0.507723 1.30566
-0.308744 0.690998 0.0577891
0.38151 0.120211 0.955031
-0.690973 0.167915 -0.781422
-0.22404 1.03845 0.690571
1.18652 0.683805 -0.227386
-0.781222 -0.791714 0.476167
-0.310136 1.15184 0.789962
0.0309087 0.493497 1.599
-0.423744 -0.444801 0.380339
-0.0798686 0.139786 0.207566
-0.682803 -0.887311 0.0608914
-0.542242 0.294868 -0.605238
0.679726 -1.11889 0.42134
-0.479595 -0.552524 0.149932
-0.854271 0.746839 -0.746888
0.470209 0.0778222 1.16331
0.816557 -1.09236 0.400843
-0.564197 -0.516642 0.265102
0.673901 -1.13896 0.34687
0.34198 0.542893 0.932694
0.0415917 -0.294006 0.938467
-0.0323345 -0.400862 -1.52664
-0.0912753 0.959699 1.31273
0.732237 -1.15916 0.307134
0.159952 -0.653887 -1.06852
0.0242917 0.218817 1.04264
0.266887 0.486214 1.06775
0.23481 1.07828 0.806566
-0.573639 -0.647768 0.722417
-0.0203721 0.900139 0.497817
-0.174339 -0.667319 -1.05792
0.0629792 0.611548 1.63545
0.0248322 0.417635 1.31144
0.214732 0.717607 1.50131
0.685448 -1.14377 0.319978
-0.570094 -0.502696 0.482237
1.24147 0.00639488 -0.407317
0.43824 -0.860465 0.500517
1.03955 0.149212 -0.315787
0.588945 -0.487161 0.33103
-0.591956 -1.11846 0.541182
0.488517 -0.440618 0.329686
0.411945 -0.14285 0.482788
0.688009 0.470907 -0.0677466
-0.238931 0.545491 1.20193
0.444152 0.143183 0.76891
0.837794 0.126394 -0.036731
0.21869 0.557412 1.4232
0.12983 -0.486971 -0.899014
0.397046 -0.855168 -0.00500798
-0.369858 -0.493945 0.590534
-0.345149 -0.587272 -0.185988
-0.4274 -0.546683 0.16652
-0.558843 0.0362411 1.23347
-0.718046 0.67779 -0.38842
0.38722 -0.886038 0.19095
-0.360167 0.617584 0.831431
-0.485987 -0.585875 0.13935
-0.609463 0.0367075 1.18415
0.452352 -0.0806317 0.724927
-0.786674 0.64642 -0.556622
-0.780667 0.185059 -0.992431
0.69882 -1.14628 0.301593
0.806286 -1.11814 0.299589
0.00132158 0.0987196 0.166658
0.230699 0.628119 1.44041
-0.296304 -0.741397 0.618402
-0.318728 0.345492 0.547424
-0.770228 -0.740289 0.295436
-0.242203 0.0402695 0.275954
-0.767754 -1.04261 0.220966
0.374726 -0.109914 0.699163
0.371598 -0.906057 0.273097
-0.688868 0.20622 -0.743441
0.160032 0.250271 1.01755
0.269249 1.03904 0.613707
-0.218804 -0.828649 -0.622494
1.08496 0.177795 -0.11171
0.653867 0.0301336 1.13851
0.828481 0.847535 0.211823
-0.248402 0.381274 0.426444
0.143609 0.61233 1.60222
-0.121168 -0.66552 -1.39332
-0.565205 -0.501593 0.32833
-0.598753 0.328255 -0.344184
0.0972772 0.919214 1.46053
1.33909 0.229643 -0.302593
-0.504302 0.923029 -0.249913
-0.210088 0.603945 1.3374
0.12622 -0.518573 -1.35692
-0.212075 0.667315 1.39764
0.400128 -0.0824279 0.540547
0.72103 -1.15997 0.311612
-0.0339422 -0.475683 -1.67205
-0.15934 1.03464 0.595877
0.00257039 -0.0230244 0.0518502
0.892093 0.523832 -0.182023
0.440476 0.137326 1.05417
0.809451 0.120931 -0.0214301
0.535648 -1.00299 0.466226
-0.690087 0.128774 -0.818758
1.27967 0.0163185 -0.400023
-0.172939 0.641306 1.53657
1.39776 0.410436 -0.268996
0.172176 -0.513509 -0.82847
-0.736363 -0.797077 0.123364
0.231578 0.588667 1.35837
1.15844 0.21021 -0.142932
-0.212019 0.339227 0.376096
0.781499 0.117433 -0.0802057
1.13244 0.111643 -0.230896
1.34643 0.0993513 -0.394299
0.618202 0.0753392 1.24471
-0.76214 0.526891 -0.517086
0.199625 0.901953 1.27896
-0.745822 -0.681775 0.237333
0.0251117 0.681828 1.65479
0.453037 1.53487 0.46674
-0.134589 -0.511697 -1.62151
0.342317 0.442445 0.863949
0.121815 -0.578576 -1.51534
0.348985 -0.069872 0.952588
1.26794 0.0437193 -0.437391
-0.733744 -0.703206 0.532846
-0.379892 -0.748211 0.657925
0.463738 -0.553792 0.505938
1.16984 0.894865 -0.0155136
-0.691436 0.94205 -0.263007
0.725345 -0.722462 0.526591
-0.204922 -0.437607 -0.378525
0.635851 0.0689201 1.23834
-0.767329 0.458373 -0.604902
-0.7508 0.147768 -1.00254
0.420374 -0.197686 0.281368
-0.404217 0.827909 -0.0848608
0.274085 0.211401 0.906325
-0.176035 0.447148 1.17286
0.441461 0.154541 0.820314
0.749469 -0.645826 0.168001
0.452794 1.46827 0.431409
-0.23046 0.205131 0.928619
0.0981008 0.827346 1.58168
-0.837217 0.372243 -0.987763
-0.771601 -0.854473 0.145917
-0.125901 0.473505 1.35772
-0.263656 0.663482 1.23465
0.164946 0.0980207 0.209973
0.554661 0.669205 0.322573
0.335991 0.36983 0.24991
0.780038 0.114191 -0.00962763
0.581282 -0.981308 0.122519
0.535177 -0.977362 0.514229
-0.182556 -0.527762 -0.817214
0.10814 -0.415296 -1.16006
-0.624946 -0.561296 0.219734
0.476279 -0.474268 0.401095
-0.335072 0.170935 0.133479
0.243086 0.0089691 0.900164
0.63197 -0.859576 0.0462176
0.257404 -0.704369 -0.705577
0.703682 0.711705 0.0984568
0.761366 -0.607236 0.342579
0.593029 -1.08822 0.307585
-0.105282 0.342789 0.305045
-0.80586 0.582701 -0.662424
0.332349 1.34446 0.631748
0.177716 -0.679408 -0.97444
-0.0779996 0.912171 1.46609
0.0722639 -0.503385 -1.62807
-0.582528 0.582263 -0.621271
-0.0516909 0.438321 1.48364
0.620737 -1.00638 0.520825
0.198067 -1.07368 0.145931
0.231946 -0.600246 -0.772742
-0.384522 -0.230027 0.306908
-0.243287 0.665552 1.28157
1.16176 0.702197 0.0872976
0.534788 0.00819322 1.14165
0.336783 0.613452 0.991741
1.36848 0.781029 -0.165719
-0.372984 -0.780189 0.655208
-0.232546 0.691474 1.31836
1.37174 0.255339 -0.330127
0.674472 -1.125 0.406199
0.359623 -0.911667 0.295956
0.821072 -0.875815 0.178944
0.381892 -0.705183 0.63273
-0.286045 1.17946 0.803092
-0.0915267 -0.375446 -1.17226
0.189782 0.27866 0.312073
0.742198 -1.1426 0.281336
0.355262 0.760969 0.904115
0.0284782 -0.366387 -1.35668
-0.426726 -0.584334 0.125785
0.105472 0.436969 1.31966
0.63614 0.166018 1.13272
-0.608421 -0.616934 0.115687
-0.284072 -0.902476 0.407748
1.41089 0.631253 -0.253756
-0.123615 -0.65467 -1.37194
-0.723737 -0.851344 0.0861089
-0.52802 0.89407 -0.00170178
1.26858 0.425893 -0.339832
1.33832 0.0339856 -0.429907
0.931867 0.103811 -0.183601
0.356489 0.333749 0.666073
0.112931 1.14986 0.695523
0.320002 0.628764 1.09179
-0.403424 -0.448399 0.47148
-0.300691 -0.809361 0.550046
0.412639 -0.742541 0.523615
0.124484 -0.726959 -1.03966
1.27747 0.78787 0.00439207
0.753618 -1.10212 0.236311
-0.234031 -1.00672 0.101713
-0.236206 0.30839 0.970913
-0.306431 -0.713713 0.621299
-0.218198 0.800802 1.31743
0.320008 0.941121 0.877979
-0.732638 -0.892384 0.638222
-0.567805 1.0377 -0.231098
0.529768 1.52675 0.424254
-0.269727 0.961144 0.675534
0.223957 0.972943 0.647109
0.128268 -0.454026 -1.23764
0.377129 -0.0824999 0.667125
0.445408 0.332809 0.353255
-0.625883 -0.551476 0.239188
-0.330639 -0.224838 0.676234
-0.7894 -0.959796 0.241953
-0.421128 1.33089 0.69654
-0.220551 0.229439 0.334184
0.322621 0.926252 0.941496
0.557286 -0.951961 0.5239
0.236259 0.819062 1.30301
0.878788 0.283303 0.106651
-0.861783 0.79282 -0.773936
-0.202664 0.20319 0.948556
0.838287 0.164975 0.0296767
0.0682949 -0.77709 -1.01934
-0.726513 -0.680334 0.202268
-0.551565 0.598289 -0.55662
-0.730177 0.500841 -0.4554
-0.166402 -0.595084 -1.29264
-0.27904 0.269056 -0.167309
-0.422055 -0.918442 0.222414
0.750266 -1.10323 0.445342
-0.265828 -0.546497 -0.402203
0.113296 1.0456 0.587226
-0.17801 0.63533 1.51467
0.107049 -0.537399 -1.57673
0.577775 -1.08199 0.397678
-0.672608 -0.801737 0.709783
0.477163 1.42181 0.517304
-0.572343 -0.50075 0.334168
-0.550666 -0.61329 0.0908466
1.20341 0.159453 -0.242039
-0.519135 -0.880783 0.773509
-0.753066 -0.729747 0.411534
-0.501608 -0.56401 0.721393
-0.208688 0.651025 1.39255
-0.670199 0.294765 -0.580518
0.271708 0.328799 0.954797
0.353055 -0.538369 0.712091
-0.703629 -0.705587 0.603834
0.768207 -1.13055 0.423086
0.222926 -0.0656008 0.103713
0.096967 0.967263 1.30675
-0.415242 -0.497695 0.620223
0.166938 0.11293 0.216985
0.112552 1.15049 0.696616
0.994841 0.476546 -0.248553
0.235598 -0.981819 0.493836
0.653795 0.123072 1.25769
0.213512 0.4628 1.1605
-0.760841 0.666507 -0.483119
-0.338397 0.676511 0.676511
0.336281 -0.839398 -0.248814
0.176844 0.491537 1.46979
-0.321418 0.587005 1.01263
-0.468657 0.3005 -0.460859
0.804026 -1.02298 0.452887
-0.282992 -0.864281 -0.229164
0.998747 0.15247 -0.0795416
-0.183184 -0.498648 -1.12308
0.177411 0.0664516 0.189658
-0.124424 0.623754 1.59451
-0.173994 -0.0362934 0.916274
0.0919975 -0.400711 -1.20922
-0.787004 0.28297 -1.0284
-0.123145 -0.91716 0.645455
0.80499 0.121458 -0.09457
-0.292336 -0.880352 0.45264
0.214966 -0.420736 -0.391849
-0.263048 1.04395 0.990892
0.0576768 -1.02773 0.516277
0.417662 -0.705481 -0.107927
0.99564 0.0944627 -0.227234
0.758431 -1.04761 0.469753
-0.0994401 -0.0488478 0.0658046
-0.6496 0.300373 -0.528637
-0.508045 0.400821 -0.587437
-0.160021 1.1271 0.691504
-0.0775959 0.0981781 0.188506
0.244676 -0.810026 -0.6372
-0.653074 0.550713 -0.240148
0.389734 -0.195893 0.653376
0.34555 -0.907028 0.382471
-0.0891938 -0.486212 -1.65799
-0.353446 0.19758 1.00236
1.29222 0.0224789 -0.404991
0.715105 0.149371 0.104771
-0.78278 -0.782694 0.284093
1.11111 0.0970881 -0.235221
-0.338194 0.914674 0.898864
-0.433513 -0.447444 0.525476
1.09258 0.124944 -0.177457
0.461926 -0.890087 0.136854
0.516414 -0.783548 0.067789
0.190704 -0.610635 -0.9489
511 880 429
333 261 880
261 429 880
988 701 333
701 261 333
225 963 988
963 701 988
346 335 963
346 963 225
338 573 335
338 335 346
737 949 573
737 573 338
1125 166 460
431 1041 166
431 166 1125
384 879 1041
384 1041 431
1017 26 384
26 879 384
418 991 1017
991 26 1017
241 991 418
967 388 376
465 376 388
210 527 929
527 817 929
527 210 411
967 376 1097
1015 1097 376
817 965 1155
527 442 965
527 965 817
442 527 411
1038 783 458
678 21 130
678 130 1095
138 280 1069
280 138 507
1038 458 1065
169 1065 458
21 757 130
280 1161 24
1161 280 507
1038 1065 1079
169 129 1065
129 1079 1065
410 16 169
16 129 169
757 468 410
468 16 410
1161 479 1141
1161 1141 24
479 1161 507
1038 524 783
876 678 1095
141 941 876
941 678 876
622 1069 141
1069 941 141
245 138 622
138 1069 622
138 245 507
276 683 509
111 776 276
776 683 276
266 322 111
322 776 111
509 213 1033
213 600 1033
683 544 509
544 213 509
776 1137 544
776 544 683
322 87 1137
322 1137 776
213 1119 600
544 1142 213
1142 1119 213
1137 1142 544
1097 208 967
208 540 967
1015 342 1097
342 208 1097
32 227 1015
227 342 1015
940 868 32
868 227 32
1155 693 868
1155 868 940
965 362 693
965 693 1155
442 530 362
442 362 965
411 367 530
411 530 442
698 388 540
388 967 540
607 465 698
465 388 698
668 210 929
668 929 1046
367 411 210
367 210 668
208 54 540
54 936 540
342 838 208
838 54 208
227 1039 342
1039 838 342
868 299 227
299 1039 227
693 810 299
693 299 868
362 8 810
362 810 693
530 394 8
530 8 362
367 3 394
367 394 530
89 698 936
698 540 936
250 607 89
607 698 89
619 668 1046
619 1046 94
3 367 668
3 668 619
54 1071 219
54 219 936
838 1135 1071
838 1071 54
1039 1135 838
8 165 810
394 135 8
135 165 8
3 46 394
46 135 394
80 89 936
80 936 219
808 250 89
808 89 80
1090 619 175
619 94 175
46 3 1090
3 619 1090
639 285 320
285 1166 320
1000 895 639
895 285 639
568 546 1000
546 895 1000
464 297 568
297 546 568
1035 763 297
1035 297 464
716 30 763
716 763 1035
1131 136 30
1131 30 716
816 772 136
816 136 1131
1013 871 1166
871 320 1166
792 1058 1013
1058 871 1013
1086 1058 792
190 58 762
55 877 58
55 58 190
772 816 877
772 877 55
1020 171 738
1020 738 1006
139 425 815
425 1094 815
700 1151 1006
700 1006 738
407 344 1151
407 1151 700
296 923 638
923 702 638
425 139 296
139 923 296
780 68 144
780 144 1143
675 1040 898
1040 303 898
445 542 896
28 476 786
476 1061 786
675 476 28
48 696 889
696 938 889
942 911 618
447 437 551
447 551 400
526 522 437
526 437 447
265 1153 938
1153 889 938
728 1153 265
177 1075 435
522 526 1075
522 1075 177
309 733 397
733 1052 397
911 597 268
597 10 268
277 914 927
610 641 914
610 914 277
758 178 1052
178 397 1052
41 982 758
982 178 758
641 610 356
641 356 627
733 368 704
733 704 1052
212 368 733
914 1123 927
641 108 914
108 1123 914
966 758 1052
966 1052 704
1109 41 758
1109 758 966
921 41 1109
1062 582 132
697 627 1062
627 582 1062
108 641 697
641 627 697
420 466 148
466 232 148
714 961 420
961 466 420
311 666 468
62 525 718
62 718 699
569 992 525
569 525 62
317 1054 232
1054 148 232
1121 327 317
327 1054 317
891 590 1
891 1 983
992 569 590
992 590 891
1081 664 486
664 120 486
633 831 1081
831 664 1081
1114 932 633
932 831 633
666 591 1114
591 932 1114
869 1014 591
869 591 666
800 242 1014
800 1014 869
1064 214 242
1064 242 800
1028 937 214
1028 214 1064
846 90 688
523 823 79
664 880 120
880 511 120
831 333 664
333 880 664
932 988 831
988 333 831
591 225 932
225 988 932
1014 346 225
1014 225 591
242 338 346
242 346 1014
214 737 338
214 338 242
937 737 214
846 1121 317
846 317 90
823 891 79
891 983 79
466 1081 486
466 486 232
961 633 1081
961 1081 466
525 1064 718
1064 800 718
992 1028 525
1028 1064 525
866 966 704
866 704 519
662 872 921
513 132 662
132 872 662
1062 132 513
903 108 754
108 697 754
368 433 519
368 519 704
108 903 1123
903 235 1123
610 522 177
610 177 356
696 309 938
309 397 938
522 610 277
522 277 437
1153 586 86
1153 86 889
728 1110 586
728 586 1153
845 472 1110
845 1110 728
867 276 472
867 472 845
435 289 149
1075 535 435
535 289 435
526 829 1075
829 535 1075
980 48 889
980 889 86
1021 447 221
447 400 221
829 526 1021
526 447 1021
825 102 1142
68 443 144
351 443 68
896 1124 1143
1124 563 1143
542 721 896
721 1124 896
1019 692 542
692 721 542
102 117 1019
117 692 1019
455 81 117
455 117 102
1061 75 81
1061 81 455
476 1129 75
476 75 1061
675 736 1129
675 1129 476
373 780 563
780 1143 563
545 834 373
834 780 373
801 834 545
417 49 654
168 898 49
168 49 417
736 675 898
736 898 168
1124 700 563
700 738 563
721 407 1124
407 700 1124
1129 296 638
1129 638 75
736 425 296
736 296 1129
171 373 738
373 563 738
1140 545 171
545 373 171
1094 168 417
1094 417 976
425 736 168
425 168 1094
1151 1013 1006
1013 1166 1006
792 1013 1151
923 55 190
139 772 55
139 55 923
285 1020 1166
1020 1006 1166
895 951 285
951 1020 285
546 712 895
712 951 895
297 712 546
763 694 297
30 999 694
30 694 763
136 815 999
136 999 30
772 139 815
772 815 136
871 80 320
80 219 320
1058 808 871
808 80 871
877 1090 175
877 175 58
816 46 1090
816 1090 877
1071 639 219
639 320 219
1135 1000 1071
1000 639 1071
568 1000 1135
165 716 1035
135 1131 716
135 716 165
46 816 1131
46 1131 135
1141 699 311
479 62 699
479 699 1141
507 569 62
507 62 479
714 129 16
420 1079 129
420 129 714
148 1038 1079
148 1079 420
590 1126 369
590 369 1
569 507 1126
569 1126 590
1025 1054 327
1025 327 873
1038 148 1054
1038 1054 1025
507 903 754
507 754 1126
866 1025 873
519 1038 1025
519 1025 866
235 245 622
903 507 245
903 245 235
524 433 330
1038 519 433
1038 433 524
534 1021 221
534 221 143
289 266 111
535 266 289
119 1110 472
32 1015 715
940 32 715
715 1015 376
817 1155 715
715 1155 940
247 250 808
247 808 1058
1086 247 1058
175 94 38
58 175 38
58 38 762
424 344 407
424 407 721
692 424 721
117 424 692
638 702 12
75 638 12
75 12 81
1019 542 445
825 455 102
786 1061 455
846 688 460
166 846 460
241 523 79
241 79 991
1114 961 714
1114 633 961
311 869 666
699 869 311
699 718 869
718 800 869
330 433 368
911 268 618
801 545 1140
85 801 259
259 801 1140
249 654 85
976 417 654
976 654 249
1039 568 1135
299 568 1039
299 464 568
810 1035 299
165 1035 810
1035 464 299
24 1141 311
16 1114 714
468 666 16
666 1114 16
59 327 1121
873 327 59
879 662 59
513 662 879
1 369 513
983 1 513
369 1062 513
697 1062 369
754 697 369
1126 754 369
59 921 1109
662 921 59
873 1109 966
59 1109 873
873 966 866
1123 235 622
876 1095 173
330 783 524
289 111 149
472 509 1033
276 509 472
472 1033 119
1137 825 1142
87 825 1137
87 454 825
1142 102 1119
102 1019 1119
303 534 143
1040 534 303
980 443 351
86 443 980
247 465 607
247 607 250
1046 929 38
94 1046 38
921 982 41
1041 846 166
1041 1121 846
879 59 1041
1041 59 1121
26 513 879
991 79 26
79 983 26
983 513 26
1132 268 993
993 268 1116
764 212 631
770 309 36
620 696 813
560 48 244
244 48 197
505 1132 194
113 194 1132
1132 993 113
993 1116 113
1036 764 995
414 20 631
631 602 414
1073 414 602
602 770 1073
770 36 1073
316 1073 36
36 620 316
101 316 620
620 813 101
813 560 101
537 101 560
560 244 537
336 1113 658
194 658 1113
194 113 112
112 578 194
20 414 216
216 994 20
414 1073 35
35 216 414
1073 316 328
328 35 1073
316 101 779
779 328 316
101 537 1158
1158 779 101
777 794 658
658 194 578
578 777 658
578 112 17
484 17 112
994 216 589
589 926 994
216 35 462
462 589 216
35 328 434
434 462 35
328 779 805
805 434 328
779 1158 76
76 805 779
1158 791 76
70 76 791
791 794 70
996 70 794
794 777 996
793 996 777
777 578 17
17 793 777
484 648 890
691 890 648
648 1007 691
687 691 1007
926 589 491
491 647 926
589 462 695
695 491 589
462 434 82
82 695 462
434 805 1082
1082 82 434
805 76 603
603 1082 805
76 70 1085
1085 603 76
70 996 945
945 1085 70
996 793 945
956 945 793
566 339 890
890 691 566
18 566 691
691 687 18
220 18 687
393 973 647
647 491 349
349 393 647
491 695 1023
1023 349 491
695 82 403
403 1023 695
82 1082 630
630 403 82
1082 603 262
262 630 1082
603 1085 669
669 262 603
1085 945 893
893 669 1085
945 956 893
1138 893 956
339 1138 956
339 566 167
167 681 339
566 18 943
943 167 566
18 220 943
95 943 220
973 393 230
25 230 393
393 349 1059
1059 25 393
349 1023 604
604 1059 349
1023 403 172
172 604 1023
403 630 295
295 172 403
630 262 599
599 295 630
262 669 599
1130 599 669
669 893 1130
585 1130 893
893 1138 585
1051 585 1138
1138 339 681
681 1051 1138
681 167 636
636 673 681
167 943 1118
1118 636 167
943 95 1118
851 1118 95
230 25 1026
25 1059 1026
312 1026 1059
1059 604 312
802 312 604
604 172 802
100 802 172
172 295 100
423 100 295
295 599 423
924 423 599
599 1130 924
60 924 1130
1130 585 60
405 60 585
585 1051 405
1144 405 1051
1051 681 673
673 1144 1051
673 636 828
828 751 673
636 1118 399
399 828 636
1118 851 674
674 399 1118
1026 312 1045
652 1045 312
312 802 652
125 652 802
802 100 125
441 125 100
100 423 441
954 441 423
423 924 954
114 954 924
924 60 114
1163 114 60
60 405 1163
183 1163 405
405 1144 183
440 183 1144
1144 673 751
751 440 1144
751 828 632
828 399 252
252 632 828
399 674 1049
1049 252 399
1045 652 510
950 510 652
652 125 950
326 950 125
125 441 326
146 326 441
441 954 146
181 146 954
954 114 181
812 181 114
114 1163 812
650 812 1163
1163 183 650
452 650 183
183 440 452
836 452 440
632 252 496
496 822 632
510 950 580
1029 580 950
950 326 1029
933 1029 326
326 146 933
1103 933 146
146 181 1103
358 1103 181
181 812 358
957 358 812
812 650 957
1160 957 650
650 452 1160
404 1160 452
452 836 404
720 404 836
885 720 836
885 822 804
74 804 822
580 1029 422
655 422 1029
1029 933 655
958 655 933
933 1103 270
270 958 933
1103 358 474
474 270 1103
358 957 263
263 474 358
1160 404 657
404 720 224
224 657 404
720 885 804
804 224 720
804 74 663
969 663 74
422 655 432
958 270 1050
1157 1050 270
270 474 948
948 1157 270
474 263 191
191 948 474
657 224 883
224 804 663
663 883 224
663 969 428
1050 1157 428
1157 948 428
948 191 428
883 663 428
618 268 1132
505 618 1132
1116 268 811
268 10 811
10 212 764
1036 10 764
631 212 733
733 309 770
602 631 733
770 602 733
309 696 620
36 309 620
696 48 560
813 696 560
980 449 197
197 48 980
351 336 449
449 980 351
336 351 1113
351 618 1113
762 38 247
762 247 1086
618 505 1113
1113 505 194
1036 811 10
1116 811 113
811 1036 113
995 113 1036
20 995 764
764 631 20
995 20 565
244 197 537
791 1158 537
658 537 197
197 449 658
449 336 658
537 658 791
794 791 658
113 995 112
648 484 112
565 112 995
112 565 648
1007 648 565
994 565 20
565 994 1007
926 1007 994
890 17 484
17 890 339
17 956 793
956 17 339
1007 926 687
647 687 926
973 220 647
687 647 220
220 973 95
230 95 973
95 230 851
1026 851 230
1045 674 851
851 1026 1045
751 632 822
751 836 440
836 751 885
822 885 751
510 1049 674
674 1045 510
252 1049 635
635 496 252
580 635 1049
1049 510 580
822 496 74
496 635 74
713 74 635
635 580 713
422 713 580
957 1160 263
657 263 1160
74 713 969
532 969 713
969 532 428
532 432 428
432 532 713
713 422 432
655 958 432
1050 432 958
432 1050 428
263 657 883
191 883 428
883 191 263
1150 911 553
579 400 742
807 456 1010
784 856 807
856 1150 807
824 807 1150
1150 553 824
223 485 446
159 916 1003
1078 955 680
752 680 955
955 324 752
719 653 752
273 752 653
653 1010 739
456 739 1010
456 807 451
451 847 456
807 824 1091
1091 451 807
485 223 689
689 228 485
680 752 31
739 456 847
847 706 739
847 451 207
207 981 847
451 1091 592
592 207 451
228 689 293
293 711 228
746 293 689
348 746 365
1048 724 345
706 847 981
981 413 706
981 207 548
548 934 981
207 592 390
390 548 207
649 729 711
711 293 765
765 649 711
293 746 554
554 765 293
746 348 554
557 554 348
749 392 492
492 724 749
385 749 724
724 1048 385
248 385 1048
413 981 934
934 1067 413
934 548 659
659 469 934
548 390 659
64 659 390
390 729 64
1127 64 729
729 649 1127
147 1127 649
649 765 753
753 147 649
765 554 931
931 753 765
554 557 199
199 931 554
557 392 1152
1152 199 557
392 749 1152
231 1152 749
749 385 231
974 231 385
385 248 974
514 974 248
1067 934 469
469 517 1067
469 659 444
444 576 469
659 64 444
29 444 64
64 1127 29
732 29 1127
1127 147 732
457 732 147
147 753 495
495 457 147
753 931 61
61 495 753
931 199 561
561 61 931
199 1152 378
378 561 199
1152 231 378
901 378 231
231 974 142
142 901 231
974 514 321
321 142 974
517 469 781
576 781 469
576 444 1088
1088 340 576
444 29 1088
1148 1088 29
29 732 1148
858 1148 732
732 457 858
180 858 457
457 495 1147
1147 180 457
495 61 656
656 1147 495
61 561 1089
1089 656 61
561 378 490
490 1089 561
378 901 490
1122 490 901
901 142 1122
502 1122 142
142 321 502
42 502 321
781 576 340
340 278 781
340 1088 1016
1016 790 340
1088 1148 1016
332 1016 1148
1148 858 332
575 332 858
858 180 575
682 575 180
180 1147 1108
1108 682 180
1147 656 803
803 1108 1147
656 1089 722
722 803 656
1089 490 960
960 722 1089
490 1122 960
907 960 1122
1122 502 11
11 907 1122
502 42 331
331 11 502
278 340 787
790 787 340
790 1016 91
179 91 1016
1016 332 179
126 179 332
332 575 126
501 126 575
575 682 501
416 501 682
682 1108 788
788 416 682
1108 803 77
77 788 1108
803 722 978
978 77 803
722 960 539
539 978 722
960 907 1011
1011 539 960
907 11 861
861 1011 907
11 331 1083
1083 861 11
787 790 286
91 286 790
91 179 531
187 531 179
179 126 187
488 187 126
126 501 488
415 488 501
501 416 415
176 415 416
416 788 310
310 176 416
788 77 461
461 310 788
77 978 319
319 461 77
539 1011 205
1011 861 195
195 205 1011
861 1083 459
459 195 861
286 91 52
531 52 91
531 187 477
477 203 531
187 488 477
481 477 488
488 415 481
176 310 920
920 748 176
461 319 383
205 195 646
283 646 195
195 459 989
989 283 195
52 531 203
203 152 52
203 477 740
595 740 477
477 481 595
840 595 481
748 920 849
849 814 748
283 989 374
152 203 1136
740 1136 203
740 595 127
134 127 595
595 840 134
290 134 840
814 849 947
947 105 814
387 743 226
1136 740 361
127 361 740
127 134 609
609 163 127
543 308 105
105 947 543
743 387 202
387 908 151
361 127 979
163 979 127
163 609 436
308 543 436
979 163 436
784 597 911
856 784 911
911 1150 856
553 911 942
143 221 623
221 400 579
623 221 579
742 400 159
551 916 159
400 551 159
955 1078 927
927 324 955
597 653 719
653 597 1010
553 1146 824
1146 553 942
1146 942 446
446 623 223
143 623 446
916 124 1003
916 551 124
124 927 1078
277 927 124
437 277 124
437 124 551
324 719 752
324 927 719
1010 784 807
784 1010 597
485 824 1146
824 485 1091
1146 446 485
623 579 223
579 742 223
742 159 223
1003 223 159
124 1078 1003
680 1003 1078
739 273 653
273 739 345
228 1091 485
1091 228 592
223 1003 689
365 689 1003
689 365 746
1003 680 365
31 365 680
345 31 752
31 345 492
752 273 345
724 492 345
706 345 739
345 706 1048
711 592 228
592 711 390
729 390 711
365 31 348
492 348 31
348 492 392
392 557 348
413 1048 706
1048 413 248
1067 248 413
248 1067 514
517 514 1067
514 517 321
781 321 517
321 781 42
278 42 781
42 278 331
787 331 278
331 787 1083
286 1083 787
1083 286 459
978 539 319
205 319 539
52 459 286
459 52 989
748 481 415
481 748 840
415 176 748
319 205 383
646 383 205
152 989 52
989 152 374
814 840 748
840 814 290
849 65 363
383 646 65
226 65 646
65 226 743
646 283 374
374 226 646
226 374 387
908 387 374
1136 374 152
374 1136 908
105 290 814
290 105 308
363 947 849
743 363 65
361 908 1136
908 361 151
134 290 308
308 609 134
609 308 436
363 743 843
202 843 743
843 202 436
151 202 387
202 151 436
979 151 361
151 979 436
121 1125 355
355 1125 661
894 460 192
953 688 109
128 90 471
93 823 935
430 523 690
707 418 88
158 384 854
705 120 27
734 511 912
912 511 56
56 511 189
494 261 559
928 701 253
878 963 395
395 963 201
246 335 427
1133 573 97
153 949 1096
516 937 1107
1107 937 767
171 951 1140
951 171 1020
1140 712 259
712 1140 951
259 297 85
297 259 712
249 297 694
297 249 85
976 694 999
694 976 249
1094 999 815
999 1094 976
834 68 780
303 49 898
344 792 1151
190 702 923
465 715 376
1086 344 424
344 1086 792
12 1086 424
12 762 1086
762 702 190
702 762 12
424 81 12
81 424 117
455 454 786
454 455 825
435 356 177
212 330 368
10 330 212
10 173 330
173 597 876
597 173 10
834 351 68
801 351 834
597 141 876
622 927 1123
111 867 149
867 111 276
143 49 303
143 654 49
247 715 465
817 38 929
38 715 247
715 38 817
867 921 872
921 845 982
845 921 867
132 867 872
132 149 867
801 618 351
618 85 942
85 618 801
446 654 143
719 141 597
446 85 654
85 446 942
719 622 141
622 719 927
1125 121 325
325 431 1125
1125 460 894
661 1125 894
460 688 953
192 460 953
688 90 128
109 688 128
581 232 486
104 992 359
992 891 359
523 430 935
935 823 523
241 596 690
690 523 241
418 1017 518
612 418 518
1017 384 158
120 511 734
27 120 734
429 768 189
189 511 429
429 261 494
768 429 494
261 701 928
559 261 928
701 963 878
253 701 878
335 246 201
201 963 335
573 1133 427
427 335 573
949 153 97
97 573 949
737 643 1096
1096 949 737
737 937 516
643 737 516
1028 9 767
767 937 1028
486 120 705
9 1028 1022
992 104 1022
1028 992 1022
767 9 705
705 27 767
27 734 516
643 516 734
734 912 643
912 56 189
189 768 494
494 559 928
928 253 878
878 395 201
201 246 427
427 1133 97
97 153 1096
1096 643 97
643 912 878
189 494 928
928 878 912
912 189 928
878 201 643
427 97 643
201 427 643
1107 767 27
516 1107 27
93 935 471
935 430 109
953 109 430
430 690 953
192 953 690
690 596 192
325 121 355
661 894 192
355 661 192
325 355 192
192 596 325
128 471 935
109 128 935
1022 104 359
310 461 920
383 920 461
920 383 65
65 849 920
947 363 543
543 843 436
843 543 363
359 581 1022
317 232 581
581 90 317
471 581 93
471 90 581
359 823 93
891 823 359
359 93 581
596 707 88
596 241 707
707 241 418
518 1017 158
158 854 352
854 384 352
352 384 431
518 158 352
352 325 518
352 431 325
596 88 325
1022 705 9
1022 581 705
486 705 581
88 612 325
88 418 612
325 612 518
1053 130 1117
96 1053 204
160 204 1053
234 160 1053
1053 1117 234
1117 552 234
334 796 398
398 874 334
6 334 874
874 778 6
1070 594 922
204 922 96
160 234 188
796 334 1012
506 1012 334
334 6 453
453 506 334
922 204 347
1012 506 529
529 717 1012
506 453 1100
1100 529 506
717 529 1068
529 1100 1068
83 986 1068
1117 130 552
130 757 552
169 874 398
398 410 169
169 458 778
874 169 778
330 173 1070
173 1095 594
1070 173 594
130 1053 96
1095 130 96
552 410 398
757 410 552
552 398 796
1070 783 330
1070 458 783
778 458 1070
778 1070 6
594 96 922
594 1095 96
796 234 552
234 796 1012
922 6 1070
6 922 453
204 160 188
986 83 188
188 347 204
347 188 83
1012 188 234
188 1012 717
347 453 922
453 347 1100
964 986 188
986 964 1068
717 964 188
964 717 1068
1100 83 1068
83 1100 347
44 24 605
73 493 853
493 44 853
44 605 853
162 598 679
354 679 598
1034 818 255
679 354 577
678 941 1149
850 941 1069
1069 280 73
73 280 493
24 44 493
280 24 493
605 24 311
584 311 468
21 678 1149
21 1149 835
835 1149 162
598 162 1149
1149 850 329
1149 941 850
850 73 186
1069 73 850
605 584 1034
584 605 311
818 1034 584
584 468 757
835 757 21
329 598 1149
186 329 850
853 186 73
1034 853 605
162 818 835
818 162 679
598 329 354
386 354 329
329 186 386
520 386 186
186 853 520
1077 520 853
679 255 818
255 679 577
386 520 629
360 629 520
629 360 161
520 1077 360
98 360 1077
360 98 161
577 14 255
14 577 161
584 757 835
584 835 818
853 1034 1077
255 1077 1034
1077 255 14
14 98 1077
98 14 161
919 445 902
902 445 833
236 144 564
1002 586 972
1057 600 341
341 600 408
785 775 547
628 547 775
467 628 775
775 1154 467
1154 1031 467
264 467 1031
1031 919 264
53 264 919
919 902 53
727 53 902
1164 727 902
902 833 1164
515 1164 833
833 731 515
1165 515 731
731 240 1165
821 1165 240
240 288 821
122 821 288
288 236 122
236 564 122
508 122 564
564 538 508
583 508 538
538 371 583
371 888 583
886 583 888
888 1002 886
45 886 1002
1002 972 45
587 45 972
275 587 972
237 450 275
350 275 450
450 1057 350
1057 341 350
884 350 341
341 408 884
408 785 884
547 884 785
547 628 998
946 998 628
628 467 170
170 946 628
467 264 170
37 170 264
264 53 37
343 37 53
53 727 343
116 343 727
727 1164 116
997 116 1164
1164 515 258
258 997 1164
515 1165 1005
1005 258 515
1165 821 389
389 1005 1165
821 122 685
685 389 821
122 508 381
381 685 122
508 583 372
372 381 508
583 886 372
185 372 886
886 45 185
644 185 45
45 587 644
50 644 587
587 275 50
377 50 275
275 350 377
558 377 350
350 884 558
1080 558 884
884 547 998
998 1080 884
998 946 51
306 51 946
946 170 1098
1098 306 946
170 37 1098
1009 1098 37
37 343 1009
217 1009 343
343 116 106
106 217 343
116 997 798
798 106 116
997 258 556
556 798 997
258 1005 426
426 556 258
1005 389 34
34 426 1005
389 685 206
206 34 389
685 381 985
985 206 685
381 372 844
844 985 381
372 185 844
1008 844 185
185 644 1008
269 1008 644
644 50 269
975 269 50
50 377 975
69 975 377
377 558 69
315 69 558
558 1080 315
1018 315 1080
1080 998 51
51 1018 1080
51 306 260
634 260 306
306 1098 634
115 634 1098
1098 1009 115
409 115 1009
1009 217 470
470 409 1009
217 106 133
133 470 217
106 798 401
401 133 106
798 556 463
463 401 798
556 426 196
196 463 556
426 34 755
755 196 426
34 206 1032
1032 755 34
206 985 370
370 1032 206
985 844 480
480 370 985
844 1008 480
269 975 837
771 837 975
975 69 771
315 1018 533
730 533 1018
1018 51 730
260 730 51
260 634 774
279 774 634
634 115 279
842 279 115
115 409 842
439 842 409
409 470 735
735 439 409
470 133 684
684 735 470
133 401 2
2 684 133
401 463 131
131 2 401
463 196 1060
1060 131 463
196 755 107
107 1060 196
755 1032 323
323 107 755
1032 370 402
402 323 1032
370 480 799
799 402 370
251 613 837
837 771 251
1128 251 771
533 730 1145
145 1145 730
730 260 145
774 145 260
774 279 859
1030 859 279
279 842 1030
549 1030 842
842 439 549
489 549 439
439 735 865
865 489 439
735 684 881
881 865 735
684 2 909
909 881 684
2 131 541
541 909 2
131 1060 1037
1037 541 131
1060 107 500
500 1037 1060
107 323 910
910 500 107
323 402 282
282 910 323
402 799 39
39 282 402
799 613 39
797 39 613
613 251 797
863 797 251
251 1128 863
703 863 1128
1093 562 1145
1145 145 1093
366 1093 145
145 774 366
859 366 774
859 1030 412
298 412 1030
1030 549 298
512 298 549
549 489 512
337 512 489
489 865 337
611 337 865
865 881 63
63 611 865
881 909 593
593 63 881
909 541 939
939 593 909
541 1037 870
870 939 541
1037 500 198
198 870 1037
500 910 759
759 198 500
910 282 182
182 759 910
282 39 497
497 182 282
39 797 497
789 497 797
797 863 789
482 789 863
863 703 482
1112 482 703
703 562 1112
709 1112 562
562 1093 709
769 709 1093
1093 366 769
209 769 366
366 859 412
412 209 366
412 298 744
298 512 744
512 337 744
337 611 744
611 63 744
63 593 744
593 939 744
939 870 744
870 198 744
198 759 744
759 182 744
182 497 744
497 789 744
789 482 744
482 1112 744
1112 709 744
709 769 744
769 209 744
209 412 744
1119 1019 1154
775 1119 1154
1154 1019 1031
445 919 1031
1019 445 1031
896 731 833
833 445 896
896 1143 240
731 896 240
240 1143 288
144 236 288
1143 144 288
564 144 538
443 371 538
144 443 538
443 86 888
371 443 888
86 586 1002
888 86 1002
119 1033 450
237 119 450
1033 600 1057
450 1033 1057
408 600 785
1119 775 785
600 1119 785
354 386 577
577 629 161
629 577 386
972 237 275
972 586 237
237 1110 119
586 1110 237
1008 269 480
837 480 269
480 837 613
613 799 480
69 315 771
533 771 315
771 533 1128
1145 1128 533
1128 1145 562
562 703 1128
1055 829 855
672 1040 15
773 28 47
47 28 827
1139 454 555
1056 87 302
1115 830 357
357 897 1115
1162 1115 897
897 380 1162
380 1055 1162
23 1162 1055
1055 855 23
19 23 855
855 499 19
499 640 19
570 19 640
640 899 570
860 570 899
899 672 860
904 860 672
672 15 904
419 904 15
773 47 419
274 419 47
47 827 274
1092 274 827
4 1092 379
379 1044 4
1044 1139 4
307 4 1139
1139 555 307
686 307 555
555 1056 686
1056 302 686
1027 686 302
302 913 1027
971 1027 913
913 1063 971
1063 272 971
272 357 971
830 971 357
1115 1162 448
23 19 642
19 570 642
156 642 570
570 860 156
1102 156 860
860 904 1102
305 1102 904
904 419 305
256 305 419
419 274 256
608 256 274
274 1092 608
281 608 1092
1092 4 281
5 281 4
4 307 887
887 5 4
307 686 606
606 887 307
686 1027 572
572 606 686
1027 971 1104
1104 572 1027
971 830 200
200 1104 971
1106 238 200
642 156 504
66 504 156
156 1102 66
140 66 1102
1102 305 140
782 140 305
305 256 782
857 782 256
256 608 857
820 857 608
608 281 841
841 820 608
281 5 13
13 841 281
5 887 13
670 13 887
887 606 406
406 670 887
606 572 257
257 406 606
572 1104 40
40 257 572
1104 200 238
238 40 1104
238 1106 550
71 550 1106
1106 626 71
504 66 760
421 760 66
66 140 1043
1043 421 66
140 782 33
33 1043 140
782 857 1047
1047 33 782
857 820 215
215 1047 857
820 841 917
917 215 820
841 13 660
660 917 841
13 670 660
671 660 670
670 406 671
677 671 406
406 257 271
271 677 406
257 40 271
239 271 40
40 238 550
550 239 40
550 71 875
78 875 71
760 421 864
864 667 760
421 1043 839
839 864 421
1043 33 766
766 839 1043
33 1047 952
952 766 33
1047 215 990
990 952 1047
215 917 1076
1076 990 215
917 660 300
300 1076 917
660 671 300
267 300 671
671 677 267
1066 267 677
677 271 164
164 1066 677
271 239 164
1099 164 239
239 550 1099
875 1099 550
875 78 174
294 174 78
78 473 294
667 864 284
284 930 667
864 839 1001
1001 284 864
839 766 806
806 1001 839
766 952 1087
1087 806 766
952 990 809
809 1087 952
990 1076 1159
1159 809 990
1076 300 57
57 1159 1076
300 267 57
852 57 267
267 1066 852
123 852 1066
1066 164 123
1111 123 164
164 1099 1111
741 1111 1099
1099 875 741
174 741 875
174 294 211
625 211 294
930 284 624
624 1101 930
284 1001 1074
1074 624 284
1001 806 103
103 1074 1001
806 1087 193
193 103 806
1087 809 962
962 193 1087
809 1159 915
915 962 809
1159 57 601
601 915 1159
57 852 601
745 601 852
852 123 745
970 745 123
123 1111 970
391 970 1111
1111 741 391
588 391 741
741 174 588
211 588 174
211 625 1105
625 882 1105
882 756 1105
756 1101 1105
1101 624 1105
624 1074 1105
1074 103 1105
103 193 1105
193 962 1105
962 915 1105
915 601 1105
601 745 1105
745 970 1105
970 391 1105
391 588 1105
588 211 1105
897 535 380
829 1055 380
535 829 380
1021 499 855
855 829 1021
534 640 499
499 1021 534
640 534 899
1040 672 899
534 1040 899
15 1040 675
675 28 773
379 786 1044
454 1139 1044
786 454 1044
87 1056 555
555 454 87
302 87 913
322 1063 913
87 322 913
266 272 1063
1063 322 266
272 266 357
535 897 357
266 535 357
15 773 419
773 15 675
827 379 1092
827 28 379
28 786 379
830 1115 1106
448 1106 1115
1106 200 830
1106 448 626
71 626 78
473 78 626
882 294 473
294 882 625
756 667 930
756 930 1101
473 756 882
626 756 473
756 760 667
756 504 760
756 626 448
756 448 1162
756 642 504
642 756 23
1162 23 756
503 178 571
157 728 521
918 265 1072
22 503 892
503 571 892
984 892 571
968 92 1004
1004 710 968
218 968 710
710 157 218
826 218 157
157 521 826
84 826 521
521 918 84
906 84 918
918 1072 906
645 906 1072
1072 615 645
615 708 645
708 22 645
892 645 22
892 984 318
944 475 848
92 968 616
616 292 92
968 218 750
750 616 968
218 826 7
7 750 218
826 84 483
483 7 826
906 645 487
645 892 487
318 487 892
292 616 723
723 862 292
616 750 723
1024 723 750
750 7 536
536 1024 750
7 483 184
184 536 7
651 184 483
487 318 229
43 229 318
43 364 1042
313 1042 364
862 723 574
574 567 862
723 1024 574
118 574 1024
1024 536 72
72 118 1024
536 184 925
925 72 536
184 651 254
254 925 184
651 229 291
291 254 651
229 43 291
1042 291 43
1042 313 137
665 137 313
567 574 396
959 396 574
574 118 959
977 959 118
118 72 301
301 977 118
72 925 382
382 301 72
254 291 832
291 1042 832
137 832 1042
137 665 1120
396 959 1120
959 977 1120
977 301 1120
301 382 1120
832 137 1120
571 178 233
178 982 233
982 845 1004
845 728 157
710 1004 845
157 710 845
265 918 521
521 728 265
1072 265 938
938 397 708
615 1072 938
708 615 938
708 397 22
178 503 22
397 178 22
233 982 1004
233 1004 92
571 233 984
848 984 233
984 848 475
92 848 233
848 92 292
475 318 984
318 475 364
364 43 318
292 944 848
944 292 862
84 906 483
487 483 906
483 487 229
229 651 483
475 944 364
99 364 944
862 99 944
99 862 567
364 99 313
375 313 99
567 375 99
375 567 396
313 375 665
478 665 375
665 478 1120
396 478 375
478 396 1120
925 254 382
832 382 254
382 832 1120
676 1084 725
528 725 1084
1084 987 528
987 110 1156
110 637 154
154 1156 110
637 617 222
222 154 637
617 304 222
243 222 304
1134 676 761
725 761 676
725 528 287
795 287 528
1156 154 819
819 67 1156
154 222 498
498 819 154
222 243 905
905 498 222
761 725 900
287 900 725
287 795 314
621 314 795
67 819 614
614 726 67
819 498 614
353 614 498
498 905 438
438 353 498
905 155 438
155 900 747
900 287 314
314 747 900
314 621 150
726 614 150
614 353 150
353 438 150
747 314 150
582 987 1084
1084 132 582
582 627 110
987 582 110
627 356 637
110 627 637
637 356 617
356 435 617
304 617 435
435 149 1134
1134 149 676
132 1084 676
149 132 676
304 435 1134
304 1134 761
1156 528 987
528 1156 67
761 243 304
243 761 900
155 905 243
900 155 243
67 795 528
795 67 726
726 621 795
621 726 150
747 438 155
438 747 150
